{
  "RobotName": "ROBOT 1",
  "CalibrationDate": "2026-03-06T00:01:31.9907287+03:00",
  "PoseCount": 3,
  "HandEyeMatrix": [
    0.7678812432913346,
    -0.48619367798961505,
    -0.4171020303046779,
    -0.6219295285285653,
    -0.40980190256180193,
    -0.6672825954578493,
    0.15349937376286077,
    0.7718018580825378,
    -0.6170573993679613,
    -54.68519189867948,
    -188.68559131155416,
    140.01083992788335
  ],
  "AngleRangeDeg": 2.103551213167748,
  "AngleStdDeg": 1.1977800980478468,
  "PositionRangeMm": 0.06291111256569755,
  "PositionStdMm": 0.033697179620127166,
  "PoseRecords": [
    {
      "Index": 0,
      "FlangeInBase": [
        -0.6173835562076735,
        0.6417805903080652,
        -0.4549233104911176,
        -0.2215065756734817,
        -0.6967214293756814,
        -0.6822859274396005,
        -0.754832684412761,
        -0.3204636075321796,
        0.5723029746468967,
        416.38,
        -62.81,
        -243.32
      ],
      "TargetInSensor": [
        0.958,
        0.165,
        -0.236,
        -0.108,
        0.966,
        0.234,
        0.266,
        -0.199,
        0.943,
        11.058,
        -22.188,
        6.498
      ],
      "CaptureTime": "2026-03-06T00:01:31.990772+03:00"
    },
    {
      "Index": 1,
      "FlangeInBase": [
        -0.6384796538955293,
        0.4900997414643966,
        -0.5934188866037015,
        -0.19806989752042958,
        -0.8496997541700415,
        -0.4886498168009659,
        -0.7437150309478031,
        -0.19445454785091193,
        0.6395900105242466,
        454.42,
        -125.93,
        -243.32
      ],
      "TargetInSensor": [
        0.859,
        0.238,
        -0.453,
        -0.13,
        0.958,
        0.255,
        0.495,
        -0.16,
        0.854,
        14.98,
        -52.253,
        -24.56
      ],
      "CaptureTime": "2026-03-06T00:01:31.9907734+03:00"
    },
    {
      "Index": 2,
      "FlangeInBase": [
        -0.6146878093698586,
        0.7856333680816648,
        0.07027878747348947,
        -0.18409928351910243,
        -0.05625941619572908,
        -0.981296250832066,
        -0.766985235072904,
        -0.6161291171872786,
        0.17921651747031359,
        431.4,
        96.73,
        -225.52
      ],
      "TargetInSensor": [
        0.885,
        0.011,
        0.465,
        -0.13,
        0.966,
        0.224,
        -0.446,
        -0.259,
        0.857,
        15.682,
        -27.905,
        4.679
      ],
      "CaptureTime": "2026-03-06T00:01:31.9907741+03:00"
    }
  ],
  "Notes": null,
  "Sphere1Radius": 18,
  "Sphere2Radius": 18,
  "BarLength": 50
}